36   
30   

1    
  0.0059483247596644   0.0147106552127530   0.0121743195195898
  -0.0030050206   -0.0055150400   -0.0047752100
   0.0013415494   -0.0008036300   -0.0010916700
   0.0010718894    0.0004376600   -0.0000912200
   0.0011303594    0.0004269000    0.0024418800
   0.0051672394    0.0007104900   -0.0000481900
  -0.0049296106    0.0004174200    0.0005431500
  -0.0044183506    0.0000402100   -0.0000962700
   0.0056781994    0.0003297500    0.0004931900
  -0.0048001706    0.0012601500    0.0013328500
   0.0052402594    0.0010670000    0.0008297500
   0.0047598894   -0.0000100200    0.0004605400
  -0.0053442706    0.0002786100   -0.0001308200
   0.0014049794   -0.0002518300    0.0002494400
  -0.0013716506    0.0002541600   -0.0002385900
  -0.0013720906    0.0002176100    0.0002139300
   0.0013825694   -0.0003011700   -0.0002816200
  -0.0014173806   -0.0002585400   -0.0002449200
   0.0013574094    0.0002605600    0.0002461800
   0.0013667994    0.0002474300   -0.0002203700
  -0.0013894906   -0.0002583600    0.0002715100
  -0.0000265606   -0.0008860500    0.0006618500
  -0.0000239606    0.0006528700   -0.0007303800
   0.0001195394    0.0005370100    0.0005135700
   0.0001230794   -0.0009992600   -0.0008803400
   0.0004298594   -0.0017834900    0.0011497600
   0.0004467294    0.0024184700   -0.0017633200
  -0.0014903706    0.0028203300    0.0020306400
  -0.0014659706   -0.0013960100   -0.0008821800
  -0.0006546306    0.0000316600   -0.0000835200
   0.0006612694   -0.0000475200    0.0000633500
   0.0006873094   -0.0000038300   -0.0000457300
  -0.0006280106    0.0000750600    0.0001010400
   0.0006515994    0.0000587100    0.0000874200
  -0.0006644106   -0.0000204700   -0.0000594800
  -0.0006670606   -0.0000428000    0.0000602100
   0.0006484794    0.0000359600   -0.0000864300

1    
  0.0200000000000000   0.0000000000000000   0.0000000000000000
  -0.0094284703    0.0000000000   -0.0003355600
   0.0032153297    0.0000000000   -0.0006327500
   0.0018952997    0.0000000000   -0.0000644600
   0.0020867097    0.0000000000    0.0025456300
   0.0054229897    0.0002211500   -0.0003358200
  -0.0046691403   -0.0000647200    0.0002525100
  -0.0054878803   -0.0001317900   -0.0001977300
   0.0046192097    0.0001615600    0.0003966900
  -0.0046691403    0.0000647200    0.0002525100
   0.0054229897   -0.0002211500   -0.0003358200
   0.0046192097   -0.0001615600    0.0003966900
  -0.0054878803    0.0001317900   -0.0001977300
   0.0014224297   -0.0002643600    0.0002495000
  -0.0013542503    0.0002467400   -0.0002321900
  -0.0014108403    0.0002829900    0.0002668900
   0.0013459997   -0.0002270000   -0.0002195000
  -0.0013542503   -0.0002467400   -0.0002321900
   0.0014224297    0.0002643600    0.0002495000
   0.0013459997    0.0002270000   -0.0002195000
  -0.0014108403   -0.0002829900    0.0002668900
  -0.0000387903   -0.0008492500    0.0007502400
  -0.0000349403    0.0006877000   -0.0006413500
  -0.0000387903    0.0008492500    0.0007502400
  -0.0000349403   -0.0006877000   -0.0006413500
   0.0006527897   -0.0014939200    0.0009334800
   0.0006638897    0.0027242600   -0.0019816500
   0.0006527897    0.0014939200    0.0009334800
   0.0006638897   -0.0027242600   -0.0019816500
  -0.0006519803    0.0000335800   -0.0000711400
   0.0006638097   -0.0000455400    0.0000757100
   0.0006438697   -0.0000381100   -0.0000743200
  -0.0006716003    0.0000405200    0.0000722500
   0.0006638097    0.0000455400    0.0000757100
  -0.0006519803   -0.0000335800   -0.0000711400
  -0.0006716003   -0.0000405200    0.0000722500
   0.0006438697    0.0000381100   -0.0000743200

3    
  0.0059483247596644   0.0147106552127530   0.0121743195195898
   0.0013758208    0.0004252997    0.0010639292
  -0.0001576492    0.0004313797    0.0005530192
  -0.0022030892   -0.0013563603   -0.0034322008
   0.0000551708   -0.0000549103    0.0012069492
   0.0050354608   -0.0000555203   -0.0002310708
  -0.0046408392    0.0000168797    0.0001397592
  -0.0053310292    0.0000483197    0.0000801692
   0.0056582408    0.0004978397    0.0004253492
  -0.0051110292    0.0002042597    0.0003020392
   0.0052343508    0.0002528697    0.0003565892
   0.0051991408   -0.0002811803    0.0002656492
  -0.0051311292    0.0001454597   -0.0005018408
   0.0013907308   -0.0002562403    0.0002435892
  -0.0013938592    0.0002545397   -0.0002494608
  -0.0013849192    0.0002646897    0.0002521992
   0.0013778208   -0.0002538803   -0.0002431608
  -0.0013959392   -0.0002587803   -0.0002466308
   0.0014008108    0.0002700797    0.0002532692
   0.0013757608    0.0002495097   -0.0002455508
  -0.0013749892   -0.0002507503    0.0002420892
  -0.0000171992   -0.0007579103    0.0007101892
   0.0000216908    0.0007783397   -0.0006922208
  -0.0000176292    0.0008537197    0.0007265592
   0.0000214508   -0.0007208803   -0.0006518808
   0.0001815908   -0.0021042803    0.0014876492
  -0.0001761692    0.0020759197   -0.0014521908
   0.0001835908    0.0018555697    0.0012502192
  -0.0001748492   -0.0022388403   -0.0016023808
  -0.0006567292    0.0000432597   -0.0000692308
   0.0006563008   -0.0000396503    0.0000752592
   0.0006559008   -0.0000501203   -0.0000776908
  -0.0006664592    0.0000288497    0.0000663192
   0.0006633508    0.0000324097    0.0000683592
  -0.0006534292   -0.0000535303   -0.0000799208
  -0.0006594292   -0.0000361603    0.0000732492
   0.0006591808    0.0000397997   -0.0000669708

3    
 -0.0059483247596644  -0.0147106552127530  -0.0121743195195898
  -0.0013168797   -0.0004391803   -0.0010470597
   0.0001680303   -0.0004335103   -0.0005627297
   0.0021333203    0.0013634097    0.0008984603
  -0.0000541397    0.0000547597    0.0013049403
   0.0050566703    0.0003422297   -0.0003604797
  -0.0054491897   -0.0003021703    0.0004474803
  -0.0047780797   -0.0003378803   -0.0006670497
   0.0044332803   -0.0002129203    0.0001644603
  -0.0049857097    0.0000849197    0.0002881703
   0.0048640403   -0.0005309103   -0.0009299197
   0.0049080903   -0.0000090403    0.0003265103
  -0.0049698197    0.0001456297   -0.0000920297
   0.0013862203   -0.0002486703    0.0002435903
  -0.0013831297    0.0002504797   -0.0002377697
  -0.0013709697    0.0002519897    0.0002417803
   0.0013781003   -0.0002627703   -0.0002506997
  -0.0013803097   -0.0002576003   -0.0002423097
   0.0013757203    0.0002464197    0.0002358003
   0.0013809503    0.0002555197   -0.0002457497
  -0.0013816297   -0.0002541103    0.0002491103
   0.0000153803   -0.0007795003    0.0006809903
  -0.0000194897    0.0007598797   -0.0006992997
   0.0000150403    0.0006844397    0.0006686003
  -0.0000196697   -0.0008170103   -0.0007436197
  -0.0002000097   -0.0020994103    0.0014247103
   0.0001944903    0.0021266897   -0.0014598497
  -0.0001978597    0.0023495397    0.0016542303
   0.0001959603   -0.0019664703   -0.0013008897
  -0.0006592397    0.0000359497   -0.0000776297
   0.0006596603   -0.0000395303    0.0000716003
   0.0006597403   -0.0000286303   -0.0000689897
  -0.0006490597    0.0000498297    0.0000803203
   0.0006526503    0.0000467197    0.0000785103
  -0.0006625497   -0.0000254603   -0.0000668997
  -0.0006560497   -0.0000426903    0.0000734103
   0.0006564403    0.0000390597   -0.0000796997

5    
  0.0200000000000000   0.0000000000000000   0.0000000000000000
   0.0003812897   -0.0000631606    0.0000897297
  -0.0004363603    0.0006238694   -0.0004858703
  -0.0001500203   -0.0001341106   -0.0010386203
   0.0009264697    0.0003221894    0.0010846397
  -0.0141998103   -0.0061509706    0.0047921097
  -0.0049780703   -0.0000181306    0.0001883897
  -0.0052103203   -0.0003543706   -0.0003506503
   0.0053795697    0.0002319094    0.0005015497
  -0.0045848203    0.0000634894   -0.0003308003
   0.0047557997    0.0001445394   -0.0002732803
   0.0050380597   -0.0000607306    0.0002155297
  -0.0008599803   -0.0000263806   -0.0001410803
   0.0012302997   -0.0002042206    0.0002044997
  -0.0014315003    0.0003065794   -0.0002868003
  -0.0013735803    0.0002548494    0.0002395097
   0.0013759597   -0.0002550006   -0.0002488803
  -0.0014002403   -0.0002666506   -0.0002489303
   0.0013931597    0.0002656694    0.0002497897
   0.0013848397    0.0002939194   -0.0002792003
  -0.0011237303   -0.0004207406    0.0003817297
   0.0006065997    0.0000938394    0.0000174997
  -0.0000011503    0.0008036494   -0.0007229103
  -0.0000236803    0.0007636394    0.0007020197
   0.0000306997   -0.0007929206   -0.0006896603
   0.0136386797    0.0025862994   -0.0022773403
  -0.0000470503    0.0019401494   -0.0013283203
   0.0003724397    0.0021316794    0.0014581197
  -0.0005469803   -0.0020583006   -0.0014419603
  -0.0006636603    0.0000432494   -0.0000757003
   0.0006185197   -0.0000685606    0.0000961797
   0.0006625397   -0.0000355106   -0.0000672103
  -0.0006597403    0.0000338394    0.0000717697
   0.0006544697    0.0000386094    0.0000753297
  -0.0006545703   -0.0000405506   -0.0000747803
  -0.0007657003   -0.0000402606    0.0000734597
   0.0006615697    0.0000485994   -0.0000798603

5    
 -0.0200000000000000   0.0000000000000000   0.0000000000000000
  -0.0003723000    0.0000781003   -0.0001026303
   0.0004328600   -0.0006331697    0.0004948097
   0.0001566000    0.0001318303   -0.0014748603
  -0.0009179700   -0.0003130597    0.0014279697
   0.0254117300    0.0069412603   -0.0057784903
  -0.0051188000   -0.0002700397    0.0004020897
  -0.0048883000    0.0000657403   -0.0002398603
   0.0047193300    0.0000588603    0.0000866597
  -0.0055146000    0.0002256703    0.0009185497
   0.0053416500   -0.0004415797   -0.0003180803
   0.0050637200   -0.0002282897    0.0003755797
  -0.0093601400    0.0003112303   -0.0004466203
   0.0015425700   -0.0003056097    0.0002866297
  -0.0013435600    0.0002000603   -0.0002017803
  -0.0013812300    0.0002640003    0.0002559397
   0.0013789700   -0.0002639197   -0.0002466303
  -0.0013750100   -0.0002518297   -0.0002418903
   0.0013815200    0.0002529903    0.0002408597
   0.0013699200    0.0002138603   -0.0002140903
  -0.0016326100   -0.0000853197    0.0001106497
  -0.0006098400   -0.0016490597    0.0013872097
   0.0000032300    0.0007379603   -0.0006715503
   0.0000223400    0.0007781803    0.0006964897
  -0.0000293800   -0.0007493197   -0.0007089103
  -0.0146666000   -0.0072780697    0.0055771797
   0.0000682500    0.0022596403   -0.0015810103
  -0.0003995200    0.0020721403    0.0014440097
   0.0005700000   -0.0021434897   -0.0014588703
  -0.0006527600    0.0000361803   -0.0000713203
   0.0006983300   -0.0000105597    0.0000506697
   0.0006533300   -0.0000437397   -0.0000798503
  -0.0006562100    0.0000453603    0.0000753397
   0.0006617500    0.0000408703    0.0000718697
  -0.0006620000   -0.0000388997   -0.0000722703
  -0.0005494200   -0.0000384997    0.0000732097
   0.0006541500    0.0000305203   -0.0000670003

5    
  0.0000000000000000   0.0200000000000000   0.0000000000000000
   0.0000950697    0.0012013800   -0.0005658600
   0.0000139197    0.0002212100   -0.0000370700
  -0.0003367503    0.0001312800   -0.0015770400
   0.0005009797    0.0001500700    0.0010916500
  -0.0014541503   -0.0077359400    0.0045680200
  -0.0049231503    0.0000397600    0.0001162800
  -0.0052649603   -0.0002415500   -0.0003535200
   0.0051406497    0.0001717200    0.0003427400
  -0.0049687403    0.0000771100    0.0002184900
   0.0047561197    0.0008508000   -0.0002571100
   0.0049700997    0.0000082300    0.0001500600
  -0.0048694903   -0.0012890200   -0.0000078700
   0.0011695397   -0.0001557900    0.0000978200
  -0.0013758403    0.0002453800   -0.0002201600
  -0.0013849103    0.0002632400    0.0002479300
   0.0013767797   -0.0002495500   -0.0002433500
  -0.0013926603   -0.0002651000   -0.0002472300
   0.0014046397    0.0002639400    0.0002502300
   0.0014487697    0.0003415500   -0.0002887700
  -0.0012841303   -0.0001938400    0.0001759900
   0.0014113297   -0.0001065000   -0.0002665700
   0.0000530397    0.0008631000   -0.0007678900
  -0.0000448403    0.0007802600    0.0007501900
   0.0000083897   -0.0007544800   -0.0006783900
   0.0044865697    0.0036568800   -0.0010676400
  -0.0000190703    0.0018304200   -0.0012378700
   0.0005753997    0.0019740400    0.0013246800
  -0.0001132703   -0.0021307200   -0.0014692000
  -0.0006693203    0.0000332000   -0.0000689600
   0.0006677497   -0.0000451000    0.0000734300
   0.0006555197   -0.0000336800   -0.0000731500
  -0.0006640303    0.0000280400    0.0000660700
   0.0006566197    0.0000329300    0.0000722100
  -0.0006547703   -0.0000364400   -0.0000740100
  -0.0006357203    0.0000180600    0.0000324700
   0.0006646197    0.0000551100   -0.0000766000

5    
  0.0000000000000000  -0.0200000000000000   0.0000000000000000
  -0.0000618692   -0.0011460389    0.0004940200
  -0.0000155892   -0.0002137389    0.0000321400
   0.0003319008   -0.0001312089   -0.0009375900
  -0.0004912692   -0.0001482489    0.0014183300
   0.0116212908    0.0079303511   -0.0051522300
  -0.0051722292   -0.0003262989    0.0004726200
  -0.0048431092   -0.0000522489   -0.0002385700
   0.0049655008    0.0001197211    0.0002499000
  -0.0051267992    0.0002105111    0.0003691100
   0.0053377508   -0.0011181989   -0.0003323200
   0.0051352808   -0.0002971789    0.0004408500
  -0.0052055792    0.0015794011   -0.0005829600
   0.0016054608   -0.0003520089    0.0003918300
  -0.0014010292    0.0002610411   -0.0002684100
  -0.0013703492    0.0002540211    0.0002462500
   0.0013786008   -0.0002675289   -0.0002508800
  -0.0013832092   -0.0002519189   -0.0002421900
   0.0013710608    0.0002531011    0.0002391200
   0.0013066708    0.0001634911   -0.0002037400
  -0.0014704392   -0.0003160089    0.0003205300
  -0.0014320792   -0.0014365889    0.0016837100
  -0.0000512192    0.0006753211   -0.0006235500
   0.0000424908    0.0007575811    0.0006461400
  -0.0000063392   -0.0007841689   -0.0007173200
  -0.0046230392   -0.0078373789    0.0040237000
   0.0000380208    0.0023720311   -0.0016731500
  -0.0005889292    0.0022315511    0.0015780400
   0.0001307408   -0.0020751889   -0.0014349200
  -0.0006467192    0.0000461111   -0.0000778100
   0.0006478508   -0.0000338889    0.0000738500
   0.0006600408   -0.0000451389   -0.0000735400
  -0.0006514892    0.0000506911    0.0000805500
   0.0006592308    0.0000461811    0.0000746700
  -0.0006611892   -0.0000426989   -0.0000728800
  -0.0006802092   -0.0000989789    0.0001165400
   0.0006507908    0.0000235511   -0.0000698400

5    
  0.0059483247596644   0.0147106552127530   0.0121743195195898
   0.0001444708    0.0004945197    0.0003126294
  -0.0001797992    0.0003344897   -0.0000200706
  -0.0000159892   -0.0001823303   -0.0012064206
   0.0005160208    0.0001381797    0.0010728494
  -0.0024017392   -0.0046247703    0.0011151794
  -0.0049981592   -0.0000793603    0.0002046494
  -0.0052223392   -0.0002435203   -0.0003649006
   0.0050889308    0.0001623297    0.0003298694
  -0.0052283592    0.0001168997    0.0004883594
   0.0047576408    0.0006496497   -0.0003305206
   0.0050366008   -0.0000959103    0.0002224094
  -0.0037534292   -0.0007806203   -0.0008104206
   0.0012862208   -0.0002598903    0.0001453094
  -0.0013982592    0.0002776597   -0.0002352006
  -0.0013826192    0.0002638197    0.0002492494
   0.0013765408   -0.0002507903   -0.0002440206
  -0.0013885292   -0.0002633203   -0.0002477006
   0.0014002208    0.0002614397    0.0002483194
   0.0013956908    0.0003047597   -0.0002443406
  -0.0012780092   -0.0003011403    0.0002503894
   0.0005241008   -0.0006154803   -0.0000883106
   0.0000139608    0.0008034897   -0.0007183506
  -0.0000357792    0.0007804197    0.0007516194
  -0.0000023092   -0.0007382603   -0.0006784806
   0.0052916608    0.0020436797    0.0012974094
  -0.0000136492    0.0019891897   -0.0013673906
   0.0004823708    0.0019998897    0.0013583794
   0.0000302508   -0.0021880503   -0.0014768406
  -0.0006625092    0.0000388197   -0.0000741206
   0.0006483408   -0.0000520803    0.0000770394
   0.0006547908   -0.0000391303   -0.0000776106
  -0.0006638592    0.0000307697    0.0000689594
   0.0006575408    0.0000350097    0.0000733494
  -0.0006555392   -0.0000405003   -0.0000769806
  -0.0006848992   -0.0000211703    0.0000654394
   0.0006604208    0.0000513097   -0.0000697306

5    
 -0.0059483247596644  -0.0147106552127530  -0.0121743195195898
  -0.0001438694   -0.0005004197   -0.0003179900
   0.0001781706   -0.0003310097    0.0000184000
   0.0000154906    0.0001824603   -0.0013038100
  -0.0005104794   -0.0001369297    0.0014378600
   0.0125626506    0.0048715403   -0.0017979300
  -0.0050953594   -0.0002070297    0.0003841800
  -0.0048839194   -0.0000492897   -0.0002270900
   0.0050157606    0.0001290303    0.0002621700
  -0.0048634994    0.0001716803    0.0000982600
   0.0053338006   -0.0009267597   -0.0002608000
   0.0050680906   -0.0001930597    0.0003686700
  -0.0063411894    0.0010792803    0.0002306900
   0.0014881906   -0.0002465497    0.0003430900
  -0.0013781294    0.0002283403   -0.0002529900
  -0.0013726994    0.0002536503    0.0002450700
   0.0013788106   -0.0002664697   -0.0002503800
  -0.0013874394   -0.0002540397   -0.0002418600
   0.0013754606    0.0002557703    0.0002410700
   0.0013602106    0.0002011503   -0.0002485500
  -0.0014770094   -0.0002048097    0.0002415500
  -0.0005237894   -0.0009162897    0.0014912200
  -0.0000116194    0.0007363003   -0.0006741500
   0.0000335806    0.0007580303    0.0006450000
   0.0000044306   -0.0008010797   -0.0007180100
  -0.0053922594   -0.0062320897    0.0016977000
   0.0000325606    0.0022125203   -0.0015432700
  -0.0004987094    0.0022054803    0.0015447000
  -0.0000121194   -0.0020169397   -0.0014267300
  -0.0006536794    0.0000405403   -0.0000727300
   0.0006674406   -0.0000270097    0.0000703200
   0.0006608406   -0.0000398197   -0.0000691100
  -0.0006517494    0.0000480503    0.0000778000
   0.0006584106    0.0000441803    0.0000736400
  -0.0006605894   -0.0000387797   -0.0000699600
  -0.0006308694   -0.0000572797    0.0000809500
   0.0006550806    0.0000276503   -0.0000769800

13   
  0.0200000000000000   0.0000000000000000   0.0000000000000000
   0.0000347303    0.0000321094   -0.0000281400
  -0.0000324997    0.0000111294   -0.0000104800
   0.0000092003   -0.0000071006   -0.0012483500
  -0.0000128797    0.0000017394    0.0012514500
   0.0048906803   -0.0000760806   -0.0001199800
  -0.0050904597   -0.0001303506    0.0002843500
  -0.0050472397   -0.0001523606   -0.0002943100
   0.0050494303    0.0001443394    0.0002951700
  -0.0050597297    0.0001484094    0.0003058200
   0.0050524603   -0.0001603506   -0.0002974500
   0.0050592703   -0.0002150006    0.0003554900
  -0.0047921397    0.0000480394   -0.0002202300
  -0.0255828397    0.0006302794   -0.0004365300
  -0.0008832597    0.0010107194   -0.0008443400
  -0.0013770997    0.0002580894    0.0002469800
   0.0013796203   -0.0002586406   -0.0002469300
  -0.0013889597   -0.0002580306   -0.0002444400
   0.0013871503    0.0002575494    0.0002443200
   0.0061093303   -0.0005930106    0.0004260200
   0.0008029803   -0.0007795006    0.0006625700
   0.0107779903    0.0025458494   -0.0019307100
  -0.0010245597   -0.0000786506   -0.0000242200
  -0.0000006397    0.0007691294    0.0006953600
   0.0000005203   -0.0007679106   -0.0006985700
  -0.0003408197   -0.0015617206    0.0010277700
   0.0002076503    0.0020688594   -0.0014323900
  -0.0000207897    0.0021115294    0.0014581700
   0.0000237003   -0.0021068406   -0.0014448800
  -0.0006754797    0.0000673294   -0.0000953100
   0.0105772703   -0.0036604206    0.0029203700
   0.0006578403   -0.0000396706   -0.0000742400
  -0.0006573997    0.0000396694    0.0000736400
   0.0006581903    0.0000397394    0.0000735500
  -0.0006582297   -0.0000397006   -0.0000739700
  -0.0005001797   -0.0001368606    0.0001510700
   0.0004671903    0.0008376894   -0.0007066300

13   
 -0.0200000000000000   0.0000000000000000   0.0000000000000000
  -0.0000334697   -0.0000314286    0.0000273603
   0.0000323303   -0.0000113186    0.0000107403
  -0.0000095397    0.0000069414   -0.0012635797
   0.0000134603   -0.0000015786    0.0012602403
   0.0052022703    0.0003596014   -0.0004666997
  -0.0050025297   -0.0001561386    0.0003044603
  -0.0050561997   -0.0001387286   -0.0002964797
   0.0050524803    0.0001460714    0.0002949503
  -0.0050344297    0.0001394614    0.0002833503
   0.0050399303   -0.0001271286   -0.0002913397
   0.0050440703   -0.0000730786    0.0002348403
  -0.0053016197    0.0002355414   -0.0003667997
   0.0282786303   -0.0018197486    0.0014674503
  -0.0018827397   -0.0004998686    0.0003523903
  -0.0013786597    0.0002585114    0.0002466503
   0.0013767803   -0.0002580386   -0.0002468897
  -0.0013873497   -0.0002581886   -0.0002445497
   0.0013895403    0.0002588114    0.0002445403
  -0.0033667997    0.0011687914   -0.0009732897
  -0.0035147997    0.0002668314   -0.0001652597
  -0.0102473097   -0.0037800286    0.0030813703
   0.0010140303    0.0016123514   -0.0013637697
  -0.0000013397    0.0007686314    0.0006997703
   0.0000017403   -0.0007699686   -0.0006969297
   0.0003156003   -0.0026246686    0.0018707303
  -0.0001892797    0.0021308314   -0.0014767097
   0.0000018703    0.0020938014    0.0014452703
  -0.0000030297   -0.0020984686   -0.0014584697
  -0.0006405597    0.0000124614   -0.0000520997
  -0.0097508097    0.0038978914   -0.0030230497
   0.0006580203   -0.0000391486   -0.0000725297
  -0.0006578497    0.0000390814    0.0000729303
   0.0006580303    0.0000393814    0.0000732303
  -0.0006575997   -0.0000394186   -0.0000729397
  -0.0008106897    0.0000580414   -0.0000044797
   0.0008478203   -0.0007660886    0.0005655903

13   
  0.0000000000000000   0.0200000000000000   0.0000000000000000
  -0.0000085500    0.0000017306    0.0000043306
   0.0000279900   -0.0000319094    0.0000434106
  -0.0000094500    0.0000055606   -0.0012653194
   0.0000086300    0.0000010606    0.0012551006
   0.0050977300    0.0002420706   -0.0004488794
  -0.0049932900   -0.0001502294    0.0003185806
  -0.0050560600   -0.0001398794   -0.0003001194
   0.0050549000    0.0001534106    0.0002953106
  -0.0050394900    0.0001366306    0.0002907006
   0.0050398200   -0.0001371894   -0.0002892494
   0.0050125000   -0.0000549594    0.0002539606
  -0.0048821300    0.0002059306   -0.0003670994
   0.0026031200   -0.0185720494    0.0106066306
  -0.0006353400    0.0013543506   -0.0009543394
  -0.0013781800    0.0002576506    0.0002470806
   0.0013777000   -0.0002587194   -0.0002465394
  -0.0013883300   -0.0002590094   -0.0002445094
   0.0013888000    0.0002582606    0.0002447306
   0.0022570100    0.0092591006   -0.0053983794
  -0.0008571300   -0.0017055294    0.0011507606
   0.0017413500    0.0039676206   -0.0011149994
  -0.0019574100    0.0013933406   -0.0014245894
  -0.0000012200    0.0007705206    0.0007000706
   0.0000016700   -0.0007694094   -0.0006963994
   0.0007057800   -0.0015612594    0.0009864906
  -0.0001570800    0.0018682606   -0.0015158894
  -0.0000016600    0.0020990306    0.0014482106
  -0.0000027000   -0.0021020094   -0.0014580494
  -0.0006381400    0.0000699506   -0.0000624594
  -0.0030975700    0.0035331306   -0.0016295794
   0.0006577300   -0.0000388694   -0.0000739494
  -0.0006581600    0.0000398406    0.0000727706
   0.0006579900    0.0000399306    0.0000733506
  -0.0006576400   -0.0000390794   -0.0000742294
  -0.0007951500   -0.0000773094   -0.0000732594
   0.0005819600    0.0002400306   -0.0003536494

13   
  0.0000000000000000  -0.0200000000000000   0.0000000000000000
   0.0000091297   -0.0000013997   -0.0000043203
  -0.0000279503    0.0000323003   -0.0000432803
   0.0000089697   -0.0000055097   -0.0012471203
  -0.0000080203   -0.0000009897    0.0012571797
   0.0049961097    0.0000469203   -0.0001403303
  -0.0051021703   -0.0001368597    0.0002711897
  -0.0050473903   -0.0001507097   -0.0002902403
   0.0050467197    0.0001367903    0.0002946097
  -0.0050547503    0.0001510503    0.0002982197
   0.0050521297   -0.0001494397   -0.0002990203
   0.0050923897   -0.0002344597    0.0003379697
  -0.0052184803    0.0000853803   -0.0002255703
   0.0001540397    0.0185323803   -0.0104747003
  -0.0021456903   -0.0008527697    0.0004696997
  -0.0013777503    0.0002589403    0.0002466297
   0.0013785097   -0.0002577697   -0.0002472103
  -0.0013880703   -0.0002571697   -0.0002443403
   0.0013877097    0.0002581503    0.0002442597
   0.0004953397   -0.0091575997    0.0053320597
  -0.0019030503    0.0012074003   -0.0006609203
  -0.0016590603   -0.0055165297    0.0024640097
   0.0019760197    0.0001325303    0.0000534197
  -0.0000008903    0.0007675103    0.0006953897
   0.0000003597   -0.0007685797   -0.0006991803
  -0.0007113503   -0.0026376097    0.0019064897
   0.0001777997    0.0023348103   -0.0013994303
  -0.0000173503    0.0021056303    0.0014548997
   0.0000232597   -0.0021026697   -0.0014449203
  -0.0006779203    0.0000089703   -0.0000842203
   0.0043295197   -0.0036616697    0.0017349197
   0.0006579897   -0.0000399097   -0.0000727103
  -0.0006572303    0.0000389603    0.0000739097
   0.0006580397    0.0000392503    0.0000735397
  -0.0006583203   -0.0000399797   -0.0000725803
  -0.0005188803    0.0000003503    0.0002218397
   0.0007302897   -0.0001656997    0.0002198597

13   
  0.0059483247596644   0.0147106552127530   0.0121743195195898
   0.0000093406    0.0000129000   -0.0000047997
  -0.0000035494    0.0000045300    0.0000176603
  -0.0000006094   -0.0000016000   -0.0012580697
  -0.0000035894   -0.0000002000    0.0012531003
   0.0050127406    0.0000611400   -0.0003344797
  -0.0050462994   -0.0001303100    0.0003131803
  -0.0050485294   -0.0001441800   -0.0002945197
   0.0050539606    0.0001490000    0.0002959403
  -0.0050470994    0.0001416100    0.0002949103
   0.0050459306   -0.0001475800   -0.0002931597
   0.0050443806   -0.0001255500    0.0003257903
  -0.0049325194    0.0001164600   -0.0003078897
  -0.0063665494   -0.0071359200   -0.0005443697
  -0.0010486894    0.0008560400   -0.0004772797
  -0.0013777194    0.0002578900    0.0002467503
   0.0013781306   -0.0002589100   -0.0002468397
  -0.0013883994   -0.0002588200   -0.0002444997
   0.0013880706    0.0002580800    0.0002445603
   0.0030159706    0.0035212800    0.0000797603
  -0.0006002094   -0.0009284600    0.0004053103
   0.0035804806    0.0025636900    0.0009827103
  -0.0007994694    0.0005281800   -0.0008672297
  -0.0000006894    0.0007709300    0.0006986503
   0.0000011706   -0.0007685300   -0.0006965997
   0.0000726506   -0.0018285300    0.0011832603
   0.0000259806    0.0018841000   -0.0016518797
  -0.0000119194    0.0021011100    0.0014510103
   0.0000069906   -0.0021035600   -0.0014537597
  -0.0006579994    0.0000770700   -0.0000498097
   0.0027619106    0.0004588400    0.0014392903
   0.0006577206   -0.0000391600   -0.0000740297
  -0.0006579794    0.0000396500    0.0000732003
   0.0006581706    0.0000396900    0.0000734903
  -0.0006578094   -0.0000392000   -0.0000742497
  -0.0006452394   -0.0001864800   -0.0000780597
   0.0005812706    0.0002548000   -0.0004270497

13   
 -0.0059483247596644  -0.0147106552127530  -0.0121743195195898
  -0.0000085100   -0.0000122103    0.0000044106
   0.0000033900   -0.0000041703   -0.0000175094
   0.0000001500    0.0000016397   -0.0012546594
   0.0000040300    0.0000002997    0.0012595906
   0.0050808700    0.0002255597   -0.0002537494
  -0.0050474400   -0.0001565003    0.0002763206
  -0.0050548700   -0.0001464203   -0.0002959094
   0.0050475900    0.0001412497    0.0002940406
  -0.0050464200    0.0001458197    0.0002938906
   0.0050460300   -0.0001394503   -0.0002952194
   0.0050596700   -0.0001632103    0.0002659206
  -0.0051662700    0.0001709397   -0.0002820394
   0.0090040500    0.0065967597    0.0010380506
  -0.0017287100   -0.0003499103   -0.0000109194
  -0.0013780200    0.0002589997    0.0002471206
   0.0013778900   -0.0002577203   -0.0002469194
  -0.0013878800   -0.0002575603   -0.0002444194
   0.0013882800    0.0002585197    0.0002445806
  -0.0002458800   -0.0029698203   -0.0005652494
  -0.0021500800    0.0004226697    0.0000794906
  -0.0035297900   -0.0041154103    0.0003550806
   0.0007988200    0.0010034397   -0.0005222894
  -0.0000014400    0.0007674297    0.0006971306
   0.0000008200   -0.0007697703   -0.0006991694
  -0.0000914400   -0.0023690903    0.0017177406
  -0.0000063600    0.0023173597   -0.0012621094
  -0.0000074300    0.0021035797    0.0014521306
   0.0000133800   -0.0021009203   -0.0014490494
  -0.0006577500    0.0000022997   -0.0000967994
  -0.0013807900   -0.0005375203   -0.0012470394
   0.0006579700   -0.0000396503   -0.0000726694
  -0.0006574800    0.0000392197    0.0000735506
   0.0006578500    0.0000395497    0.0000734606
  -0.0006582300   -0.0000399103   -0.0000726094
  -0.0006681800    0.0001081397    0.0002259806
   0.0007321800   -0.0001742303    0.0002898406

21   
  0.0059483247596644   0.0147106552127530   0.0121743195195898
  -0.0000370503   -0.0001424097    0.0000018003
   0.0000154297   -0.0000829297   -0.0000554797
  -0.0000165403    0.0000417803   -0.0012790897
   0.0000208197    0.0000111903    0.0012572803
   0.0054520397    0.0004602503   -0.0012328397
  -0.0050382803   -0.0001018497    0.0002659003
  -0.0050655503   -0.0001812797   -0.0002893797
   0.0050377297    0.0001461403    0.0002734103
  -0.0050155803    0.0001402403    0.0002553403
   0.0050461097   -0.0001536297   -0.0002841197
   0.0050421897   -0.0001340197    0.0002910703
  -0.0050928103   -0.0003836497   -0.0005416197
   0.0052892197    0.0026570303    0.0009307903
  -0.0019037403   -0.0003176597   -0.0001503697
  -0.0013763103    0.0002577603    0.0002455403
   0.0013790097   -0.0002594597   -0.0002470797
  -0.0013895903   -0.0002596897   -0.0002448397
   0.0013867697    0.0002578303    0.0002435603
   0.0012875097    0.0008497903   -0.0010774597
   0.0009259097    0.0016389703    0.0016927303
  -0.0079909103   -0.0076673797   -0.0004785797
   0.0005940597    0.0009490703   -0.0004738097
  -0.0000023903    0.0007686603    0.0006881103
   0.0000021397   -0.0007772397   -0.0006983097
   0.0009589197    0.0007631403    0.0028699003
   0.0000572397    0.0020877003   -0.0014000697
   0.0000048097    0.0021096303    0.0014612703
  -0.0000001503   -0.0020852197   -0.0014491297
  -0.0006692603   -0.0000916497   -0.0003270097
   0.0007723097   -0.0000782397   -0.0000557197
   0.0006581497   -0.0000386197   -0.0000730297
  -0.0006575203    0.0000392703    0.0000738703
   0.0006576497    0.0000395603    0.0000741203
  -0.0006583103   -0.0000389997   -0.0000731297
  -0.0003091503   -0.0003047197    0.0001134803
   0.0006351297   -0.0001193697   -0.0003071097

21   
 -0.0059483247596644  -0.0147106552127530  -0.0121743195195898
   0.0000374292    0.0001412894   -0.0000015500
  -0.0000152108    0.0000820194    0.0000562700
   0.0000159692   -0.0000416706   -0.0012334100
  -0.0000203808   -0.0000109606    0.0012548400
   0.0046423392   -0.0001755506    0.0006362800
  -0.0050543008   -0.0001838406    0.0003223900
  -0.0050379108   -0.0001092706   -0.0003014300
   0.0050639492    0.0001441994    0.0003163200
  -0.0050777208    0.0001472994    0.0003328900
   0.0050460392   -0.0001335806   -0.0003046600
   0.0050605492   -0.0001539206    0.0002990800
  -0.0050068208    0.0006713894   -0.0000455900
  -0.0025613608   -0.0031515806   -0.0003867000
  -0.0008692508    0.0008246794   -0.0003356400
  -0.0013795108    0.0002588394    0.0002481900
   0.0013769592   -0.0002573506   -0.0002467200
  -0.0013867208   -0.0002568706   -0.0002441200
   0.0013896192    0.0002585994    0.0002453500
   0.0014656292   -0.0003474006    0.0005952200
  -0.0037239208   -0.0021481906   -0.0012284500
   0.0080815992    0.0061453194    0.0018476700
  -0.0005940708    0.0005899994   -0.0009180800
   0.0000002792    0.0007692994    0.0007074500
  -0.0000000408   -0.0007611406   -0.0006973400
  -0.0009830208   -0.0049780406    0.0000312500
  -0.0000382808    0.0021126594   -0.0015099700
  -0.0000241508    0.0020951194    0.0014419300
   0.0000201692   -0.0021195806   -0.0014540600
  -0.0006460908    0.0001711094    0.0001820800
   0.0005394092    0.0000021594    0.0002055600
   0.0006575492   -0.0000403506   -0.0000737300
  -0.0006579308    0.0000394494    0.0000727900
   0.0006583692    0.0000395194    0.0000727400
  -0.0006577208   -0.0000402806   -0.0000738000
  -0.0010012508    0.0002204194    0.0000269700
   0.0006798092    0.0001962094    0.0001599800

21   
  0.0000000000000000   0.0200000000000000   0.0000000000000000
  -0.0000815200   -0.0002392900    0.0001350897
   0.0000815200   -0.0002392900    0.0001350897
  -0.0000000000    0.0000654400   -0.0013142903
  -0.0000000000    0.0000395500    0.0012206297
   0.0059355400    0.0008171100   -0.0012892403
  -0.0050184900   -0.0000478300    0.0002199197
  -0.0050591100   -0.0001319100   -0.0003037403
   0.0050295700    0.0001586100    0.0002500597
  -0.0050295700    0.0001586100    0.0002500597
   0.0050591100   -0.0001319100   -0.0003037403
   0.0050184900   -0.0000478300    0.0002199197
  -0.0059355400    0.0008171100   -0.0012892403
   0.0044990900    0.0044958900   -0.0015249503
  -0.0022219500    0.0008816300   -0.0009765303
  -0.0013825700    0.0002592900    0.0002444197
   0.0013838000   -0.0002584900   -0.0002465803
  -0.0013838000   -0.0002584900   -0.0002465803
   0.0013825700    0.0002592900    0.0002444197
   0.0022219500    0.0008816300   -0.0009765303
  -0.0044990900    0.0044958900   -0.0015249503
  -0.0000000000   -0.0176391700    0.0096641597
  -0.0000000000    0.0008925000   -0.0005512203
  -0.0000000000    0.0007645900    0.0006936797
  -0.0000000000   -0.0007761700   -0.0006936803
  -0.0000000000    0.0034727700   -0.0005573903
  -0.0000000000    0.0019738200   -0.0013255703
  -0.0000000000    0.0021039600    0.0014590697
  -0.0000000000   -0.0020952100   -0.0014469603
  -0.0006342300    0.0000400700   -0.0003122703
   0.0002083500   -0.0003750500    0.0002266997
   0.0006578500   -0.0000392000   -0.0000719003
  -0.0006572700    0.0000381300    0.0000748097
   0.0006572700    0.0000381300    0.0000748097
  -0.0006578500   -0.0000392000   -0.0000719003
  -0.0002083500   -0.0003750500    0.0002266997
   0.0006342300    0.0000400700   -0.0003122703

21   
  0.0000000000000000  -0.0200000000000000   0.0000000000000000
   0.0000801800    0.0002333992   -0.0001304992
  -0.0000801800    0.0002333992   -0.0001304992
   0.0000000000   -0.0000641908   -0.0011922692
   0.0000000000   -0.0000382308    0.0012836208
   0.0041939300   -0.0005098608    0.0006750708
  -0.0050856700   -0.0002391508    0.0003691508
  -0.0050456700   -0.0001577808   -0.0002875892
   0.0050746900    0.0001323892    0.0003391808
  -0.0050746900    0.0001323892    0.0003391808
   0.0050456700   -0.0001577808   -0.0002875892
   0.0050856700   -0.0002391508    0.0003691508
  -0.0041939300   -0.0005098608    0.0006750708
  -0.0018198700   -0.0049883008    0.0020502308
  -0.0005313800   -0.0003788708    0.0005019408
  -0.0013833200    0.0002566692    0.0002463708
   0.0013820700   -0.0002575208   -0.0002443192
  -0.0013820700   -0.0002575208   -0.0002443192
   0.0013833200    0.0002566692    0.0002463708
   0.0005313800   -0.0003788708    0.0005019408
   0.0018198700   -0.0049883008    0.0020502308
   0.0000000000    0.0158270492   -0.0080850092
   0.0000000000    0.0006366392   -0.0008319492
   0.0000000000    0.0007694492    0.0006986008
   0.0000000000   -0.0007584908   -0.0006985892
   0.0000000000   -0.0074399508    0.0032267408
   0.0000000000    0.0022293292   -0.0015865692
   0.0000000000    0.0021044792    0.0014469408
   0.0000000000   -0.0021133808   -0.0014587792
  -0.0006796600    0.0000370892    0.0001673508
   0.0011073800    0.0002946892   -0.0000853992
   0.0006573000   -0.0000395808   -0.0000745992
  -0.0006578400    0.0000404792    0.0000717408
   0.0006578400    0.0000404792    0.0000717408
  -0.0006573000   -0.0000395808   -0.0000745992
  -0.0011073800    0.0002946892   -0.0000853992
   0.0006796600    0.0000370892    0.0001673508

25   
  0.0059483247596644   0.0147106552127530   0.0121743195195898
   0.0003305603    0.0005375503   -0.0005233294
   0.0000626103   -0.0002379297    0.0001802106
   0.0001905203   -0.0000275797   -0.0011956694
  -0.0001852697   -0.0000158897    0.0012512706
   0.0105355003    0.0041681303   -0.0004598494
  -0.0051050797   -0.0002194197    0.0003560906
  -0.0049188797    0.0000099903   -0.0002512994
   0.0049124703    0.0000995203    0.0002390506
  -0.0052381997    0.0001704803    0.0005084006
   0.0051444503   -0.0003361397   -0.0003019094
   0.0050752703   -0.0002035997    0.0003417306
  -0.0020577697    0.0014712703    0.0017661606
   0.0014219503    0.0000718303   -0.0000650794
  -0.0013380197   -0.0000023997   -0.0004082994
  -0.0013778097    0.0002613503    0.0002516806
   0.0013743803   -0.0002591697   -0.0002479894
  -0.0013764797   -0.0002512997   -0.0002432994
   0.0013815603    0.0002564503    0.0002447606
   0.0014462103    0.0000966503   -0.0004877794
  -0.0016072997   -0.0003508797    0.0002662806
   0.0009702103    0.0020954803    0.0021343006
   0.0000485803    0.0007557403   -0.0006393794
   0.0000135603    0.0007670903    0.0006954606
  -0.0000089897   -0.0007685797   -0.0007141794
  -0.0097875997   -0.0105774997   -0.0014279994
   0.0000474603    0.0022455803   -0.0015045194
  -0.0002646697    0.0022218903    0.0014609306
   0.0002457403   -0.0021208197   -0.0014450094
  -0.0006549797    0.0000229403   -0.0000699194
   0.0006711803    0.0000469203    0.0001765406
   0.0006563503   -0.0000432997   -0.0000728094
  -0.0006548697    0.0000447303    0.0000749706
   0.0006589803    0.0000419003    0.0000726906
  -0.0006613597   -0.0000411197   -0.0000674794
  -0.0006009197    0.0000237603    0.0001944606
   0.0006506503    0.0000463703   -0.0000891894

25   
 -0.0059483247596644  -0.0147106552127530  -0.0121743195195898
  -0.0003282003   -0.0005383194    0.0005170997
  -0.0000623703    0.0002374806   -0.0001796503
  -0.0001907103    0.0000287706   -0.0013188003
   0.0001836097    0.0000180206    0.0012625797
  -0.0003417103   -0.0038960194   -0.0002171703
  -0.0049900503   -0.0000675894    0.0002336397
  -0.0051825603   -0.0002997094   -0.0003385103
   0.0051885997    0.0001900206    0.0003509597
  -0.0048571003    0.0001173306    0.0000793697
   0.0049515397    0.0000469206   -0.0002869303
   0.0050280297   -0.0000855494    0.0002496297
  -0.0079918103   -0.0011784594   -0.0023174303
   0.0013486197   -0.0005801894    0.0005607397
  -0.0014381703    0.0005100006   -0.0000815003
  -0.0013775803    0.0002563106    0.0002429197
   0.0013811597   -0.0002583394   -0.0002465703
  -0.0013994503   -0.0002659594   -0.0002463303
   0.0013939997    0.0002611406    0.0002450297
   0.0013097197    0.0004104006   -0.0000048303
  -0.0011443803   -0.0001594294    0.0002246797
  -0.0009709803   -0.0036258794   -0.0007269403
  -0.0000472203    0.0007825106   -0.0007520703
  -0.0000154303    0.0007731506    0.0007019297
   0.0000107397   -0.0007720294   -0.0006831703
   0.0096184697    0.0063784606    0.0043719497
  -0.0000274103    0.0019571606   -0.0014067603
   0.0002416597    0.0019831206    0.0014414297
  -0.0002256603   -0.0020824394   -0.0014570703
  -0.0006610603    0.0000569006   -0.0000766003
   0.0006446697   -0.0001260794   -0.0000290603
   0.0006594897   -0.0000355594   -0.0000740203
  -0.0006608603    0.0000344006    0.0000719297
   0.0006571197    0.0000375206    0.0000743697
  -0.0006549203   -0.0000379994   -0.0000795003
  -0.0007145703   -0.0001026594   -0.0000476103
   0.0006647797    0.0000325906   -0.0000577303

25   
  0.0000000000000000   0.0200000000000000   0.0000000000000000
   0.0006190500    0.0006983500   -0.0006292806
  -0.0006190500    0.0006983500   -0.0006292806
   0.0000000000   -0.0001687600   -0.0010525806
   0.0000000000   -0.0001084600    0.0013443394
   0.0100391100    0.0058783500   -0.0028746106
  -0.0052117700   -0.0004162100    0.0005173394
  -0.0050220600   -0.0002762400   -0.0002677206
   0.0050936600    0.0001184900    0.0004218394
  -0.0050936600    0.0001184900    0.0004218394
   0.0050220600   -0.0002762400   -0.0002677206
   0.0052117700   -0.0004162100    0.0005173394
  -0.0100391100    0.0058783500   -0.0028746106
   0.0019092600    0.0002765000   -0.0002138306
  -0.0014119200    0.0000213700   -0.0003055106
  -0.0013741100    0.0002551700    0.0002480794
   0.0013788300   -0.0002584900   -0.0002452506
  -0.0013788300   -0.0002584900   -0.0002452506
   0.0013741100    0.0002551700    0.0002480794
   0.0014119200    0.0000213700   -0.0003055106
  -0.0019092600    0.0002765000   -0.0002138306
   0.0000000000    0.0045716700   -0.0010596606
   0.0000000000    0.0006378000   -0.0005590506
   0.0000000000    0.0007665100    0.0006831994
   0.0000000000   -0.0007582700   -0.0007131606
   0.0000000000   -0.0203103500    0.0096471994
   0.0000000000    0.0025743300   -0.0017883106
   0.0000000000    0.0023279500    0.0015244594
   0.0000000000   -0.0021720200   -0.0015029406
  -0.0006368600    0.0000353400   -0.0000772506
   0.0005681500   -0.0000156800    0.0001696594
   0.0006586000   -0.0000462900   -0.0000791706
  -0.0006565800    0.0000491400    0.0000739594
   0.0006565800    0.0000491400    0.0000739594
  -0.0006586000   -0.0000462900   -0.0000791706
  -0.0005681500   -0.0000156800    0.0001696594
   0.0006368600    0.0000353400   -0.0000772506

25   
  0.0000000000000000  -0.0200000000000000   0.0000000000000000
  -0.0006111600   -0.0007012111    0.0006207000
   0.0006111600   -0.0007012111    0.0006207000
   0.0000000000    0.0001704789   -0.0014539800
   0.0000000000    0.0001114289    0.0011622000
   0.0001885400   -0.0056175811    0.0022325900
  -0.0048924700    0.0001280989    0.0000732800
  -0.0050821600   -0.0000159411   -0.0003229200
   0.0050090100    0.0001718789    0.0001661200
  -0.0050090100    0.0001718789    0.0001661200
   0.0050821600   -0.0000159411   -0.0003229200
   0.0048924700    0.0001280989    0.0000732800
  -0.0001885400   -0.0056175811    0.0022325900
   0.0008453600   -0.0007990411    0.0007185000
  -0.0013496300    0.0004873289   -0.0001873800
  -0.0013917100    0.0002614989    0.0002433000
   0.0013869900   -0.0002580311   -0.0002462200
  -0.0013869900   -0.0002580311   -0.0002462200
   0.0013917100    0.0002614989    0.0002433000
   0.0013496300    0.0004873289   -0.0001873800
  -0.0008453600   -0.0007990411    0.0007185000
   0.0000000000   -0.0063410111    0.0026958700
   0.0000000000    0.0008938489   -0.0008270700
   0.0000000000    0.0007676389    0.0007087400
   0.0000000000   -0.0007767711   -0.0006793200
   0.0000000000    0.0164212589   -0.0068839600
   0.0000000000    0.0016319789   -0.0011255400
   0.0000000000    0.0018839789    0.0013828900
   0.0000000000   -0.0020351411   -0.0014022900
  -0.0006780000    0.0000433689   -0.0000686300
   0.0007463900   -0.0000616111   -0.0000235600
   0.0006566500   -0.0000324311   -0.0000673600
  -0.0006586000    0.0000298289    0.0000728100
   0.0006586000    0.0000298289    0.0000728100
  -0.0006566500   -0.0000324311   -0.0000673600
  -0.0007463900   -0.0000616111   -0.0000235600
   0.0006780000    0.0000433689   -0.0000686300

29   
  0.0200000000000000   0.0000000000000000   0.0000000000000000
   0.0000059514    0.0000065900   -0.0000056092
  -0.0000136686    0.0000267900   -0.0000234492
   0.0000042814   -0.0000023300   -0.0012536592
  -0.0000053086   -0.0000047900    0.0012620608
   0.0050408814    0.0001315300   -0.0002850092
  -0.0050866686   -0.0001328600    0.0002861008
  -0.0050469486   -0.0001474700   -0.0002907292
   0.0050490514    0.0001388000    0.0002965008
  -0.0050503186    0.0001449200    0.0002971208
   0.0050493814   -0.0001464400   -0.0002956492
   0.0049434614   -0.0001663900    0.0003136508
  -0.0050467786    0.0001367000   -0.0002892392
   0.0013706414   -0.0002329000    0.0002281508
   0.0085431714   -0.0033175400    0.0025695808
  -0.0013779486    0.0002582200    0.0002470108
   0.0013782414   -0.0002587700   -0.0002469992
  -0.0013880686   -0.0002582100   -0.0002442792
   0.0013878714    0.0002578900    0.0002446008
   0.0015336514    0.0003912600   -0.0003560892
  -0.0015615386   -0.0001819800    0.0001899108
  -0.0000583486   -0.0007474300    0.0006779308
   0.0007719314    0.0003216000   -0.0003428192
  -0.0000010786    0.0007692800    0.0006976008
   0.0000007614   -0.0007687900   -0.0006979692
  -0.0000162786   -0.0020799700    0.0014388308
   0.0001273614    0.0020115500   -0.0013835092
  -0.0000177486    0.0021032600    0.0014514508
   0.0000163014   -0.0021014400   -0.0014522492
  -0.0112428586    0.0039314200   -0.0031407592
   0.0006595214   -0.0000418700    0.0000753508
   0.0006577714   -0.0000393700   -0.0000736492
  -0.0006575486    0.0000395500    0.0000732608
   0.0006582614    0.0000398100    0.0000729508
  -0.0006580486   -0.0000393600   -0.0000737092
  -0.0006858886   -0.0000485400    0.0000810408
   0.0007165514    0.0000072800   -0.0000477292

29   
 -0.0200000000000000   0.0000000000000000   0.0000000000000000
  -0.0000059303   -0.0000064700    0.0000053603
   0.0000140397   -0.0000260900    0.0000230003
  -0.0000047403    0.0000021500   -0.0012586297
   0.0000057497    0.0000047000    0.0012504603
   0.0050516497    0.0001541500   -0.0003032197
  -0.0050067703   -0.0001531000    0.0003023803
  -0.0050564303   -0.0001434300   -0.0002996597
   0.0050525797    0.0001513400    0.0002936803
  -0.0050430503    0.0001425500    0.0002918503
   0.0050422997   -0.0001405000   -0.0002928197
   0.0051588697   -0.0001217900    0.0002767803
  -0.0050547503    0.0001510300   -0.0003007897
   0.0014057297   -0.0002727000    0.0002595603
  -0.0117853903    0.0041161800   -0.0032880597
  -0.0013778803    0.0002583900    0.0002468703
   0.0013777897   -0.0002578900   -0.0002468997
  -0.0013883103   -0.0002581800   -0.0002446597
   0.0013885697    0.0002585800    0.0002444003
   0.0012229497    0.0001150200   -0.0001362097
  -0.0011811203   -0.0003301800    0.0003070503
   0.0000557197   -0.0007927900    0.0007151803
  -0.0007832403    0.0012209000   -0.0010521097
  -0.0000010503    0.0007688800    0.0006980603
   0.0000013197   -0.0007694000   -0.0006977197
  -0.0000019603   -0.0021212500    0.0014716803
  -0.0001071903    0.0021893400   -0.0015266697
  -0.0000013303    0.0021014600    0.0014515303
   0.0000038497   -0.0021032900   -0.0014509297
   0.0103940297   -0.0041413500    0.0032216303
   0.0006565397   -0.0000374000    0.0000715903
   0.0006579497   -0.0000395100   -0.0000731097
  -0.0006579103    0.0000392600    0.0000734403
   0.0006577797    0.0000393700    0.0000739403
  -0.0006580003   -0.0000398200   -0.0000732097
  -0.0006305003   -0.0000293600    0.0000648903
   0.0005981397    0.0000712000   -0.0000986397

29   
  0.0000000000000000   0.0200000000000000   0.0000000000000000
  -0.0000059200    0.0000075694   -0.0000193800
   0.0000014400    0.0000217994   -0.0000313500
   0.0000052000   -0.0000070306   -0.0012446200
  -0.0000053300   -0.0000049006    0.0012649800
   0.0050502200    0.0001367194   -0.0002897000
  -0.0050754200   -0.0001490206    0.0002949500
  -0.0050476600   -0.0001398006   -0.0002868900
   0.0050451000    0.0001338694    0.0002927400
  -0.0050455400    0.0001371694    0.0002934500
   0.0050469100   -0.0001405706   -0.0002895400
   0.0050522500   -0.0000865606    0.0002549500
  -0.0050600300    0.0001601394   -0.0002994200
   0.0014161700   -0.0002218206    0.0002547200
  -0.0051954500    0.0038272294   -0.0019435900
  -0.0013782200    0.0002588294    0.0002471000
   0.0013783200   -0.0002580306   -0.0002466300
  -0.0013884000   -0.0002580006   -0.0002441000
   0.0013884000    0.0002586794    0.0002444500
   0.0014760300    0.0002131894   -0.0003935600
  -0.0021861200   -0.0000481806   -0.0000446100
   0.0000431300   -0.0007669906    0.0004551700
   0.0003772900    0.0004344094   -0.0005379600
  -0.0000007000    0.0007693594    0.0006968900
   0.0000008600   -0.0007702906   -0.0006992500
  -0.0000500000   -0.0021047706    0.0014521900
   0.0000479200    0.0021243194   -0.0013598500
  -0.0000136100    0.0020955394    0.0014475000
   0.0000150700   -0.0020926206   -0.0014458900
   0.0034110500   -0.0034985906    0.0019805100
   0.0006557800   -0.0000185706    0.0000861000
   0.0006579100   -0.0000386506   -0.0000730800
  -0.0006575800    0.0000387394    0.0000732300
   0.0006577800    0.0000387794    0.0000733800
  -0.0006582400   -0.0000386506   -0.0000731800
  -0.0006480600   -0.0000026606    0.0001784700
   0.0006894500   -0.0000106306   -0.0000681800

29   
  0.0000000000000000  -0.0200000000000000   0.0000000000000000
   0.0000060594   -0.0000076297    0.0000194300
  -0.0000009606   -0.0000219797    0.0000318700
  -0.0000058606    0.0000070903   -0.0012678400
   0.0000059494    0.0000049503    0.0012472200
   0.0050429094    0.0001493803   -0.0002989300
  -0.0050177206   -0.0001377397    0.0002943000
  -0.0050560506   -0.0001511197   -0.0003037000
   0.0050568794    0.0001565403    0.0002974100
  -0.0050479306    0.0001503303    0.0002954700
   0.0050449594   -0.0001464197   -0.0002990300
   0.0050509394   -0.0002035797    0.0003362500
  -0.0050422606    0.0001285803   -0.0002914900
   0.0013612194   -0.0002825097    0.0002323500
   0.0023553094   -0.0033677897    0.0014265100
  -0.0013776206    0.0002577103    0.0002467300
   0.0013777594   -0.0002585197   -0.0002472000
  -0.0013880106   -0.0002583097   -0.0002447800
   0.0013880694    0.0002577103    0.0002444800
   0.0012811894    0.0002907203   -0.0000984200
  -0.0005821206   -0.0004537597    0.0005246200
  -0.0000456406   -0.0007701497    0.0009338300
  -0.0003704006    0.0011039403   -0.0008498000
  -0.0000014606    0.0007688603    0.0006988200
   0.0000011894   -0.0007679597   -0.0006964600
   0.0000306594   -0.0020968997    0.0014591700
  -0.0000307006    0.0020785003   -0.0015506900
  -0.0000053606    0.0021092303    0.0014555500
   0.0000048394   -0.0021122097   -0.0014573200
  -0.0046548006    0.0036202303   -0.0020889700
   0.0006602594   -0.0000605097    0.0000608700
   0.0006578194   -0.0000402197   -0.0000736400
  -0.0006578906    0.0000400503    0.0000734600
   0.0006582594    0.0000403903    0.0000735000
  -0.0006578106   -0.0000405197   -0.0000737000
  -0.0006672506   -0.0000755597   -0.0000309500
   0.0006255794    0.0000891703   -0.0000789200

29   
  0.0059483247596644   0.0147106552127530   0.0121743195195898
  -0.0000011800   -0.0000022897   -0.0000147994
  -0.0000024900    0.0000074203   -0.0000227894
   0.0000028900   -0.0000015097   -0.0012462794
  -0.0000035400   -0.0000022297    0.0012612806
   0.0050465200    0.0001376803   -0.0002914994
  -0.0050665700   -0.0001445997    0.0002891706
  -0.0050512600   -0.0001419497   -0.0002939794
   0.0050473600    0.0001392803    0.0002952306
  -0.0050462600    0.0001399903    0.0002947906
   0.0050474200   -0.0001419397   -0.0002940294
   0.0050199800   -0.0001338997    0.0002942006
  -0.0050526700    0.0001515603   -0.0002885594
   0.0013903300   -0.0002174297    0.0002688806
   0.0007062400    0.0007633103    0.0011088206
  -0.0013777300    0.0002589103    0.0002469806
   0.0013781800   -0.0002576997   -0.0002464994
  -0.0013883000   -0.0002577897   -0.0002439894
   0.0013880200    0.0002588203    0.0002443006
   0.0014488000    0.0001748003   -0.0004527794
  -0.0016379500   -0.0002548897    0.0000582206
  -0.0000064500   -0.0009063597    0.0004465706
   0.0003265100    0.0004853703   -0.0006317794
  -0.0000008100    0.0007682703    0.0006962206
   0.0000009500   -0.0007705397   -0.0006991994
  -0.0000216800   -0.0021002897    0.0014452706
   0.0000548600    0.0021503403   -0.0013235094
  -0.0000095000    0.0021014403    0.0014564306
   0.0000131800   -0.0020955797   -0.0014478594
  -0.0028816200   -0.0001357497   -0.0011234594
   0.0006579000   -0.0000171597    0.0000997706
   0.0006579800   -0.0000389597   -0.0000732794
  -0.0006574800    0.0000389903    0.0000736706
   0.0006575800    0.0000390503    0.0000739306
  -0.0006582900   -0.0000389297   -0.0000734294
  -0.0006638700    0.0000482803    0.0002048706
   0.0006829500   -0.0000037197   -0.0000908894

29   
 -0.0059483247596644  -0.0147106552127530  -0.0121743195195898
   0.0000013206    0.0000025994    0.0000144694
   0.0000027206   -0.0000067106    0.0000223394
  -0.0000034794    0.0000013294   -0.0012651706
   0.0000040606    0.0000020994    0.0012504494
   0.0050468906    0.0001483794   -0.0002970606
  -0.0050278694   -0.0001421106    0.0003000594
  -0.0050523594   -0.0001488706   -0.0002963906
   0.0050547006    0.0001508794    0.0002949394
  -0.0050479294    0.0001475894    0.0002942894
   0.0050454006   -0.0001453206   -0.0002946906
   0.0050829106   -0.0001555306    0.0002967694
  -0.0050495794    0.0001367194   -0.0003020706
   0.0013866806   -0.0002872406    0.0002180494
  -0.0033972594   -0.0002733506   -0.0015482006
  -0.0013783194    0.0002575094    0.0002467394
   0.0013780606   -0.0002587406   -0.0002472606
  -0.0013882894   -0.0002583606   -0.0002447806
   0.0013886006    0.0002574294    0.0002445294
   0.0013077606    0.0003295294   -0.0000371206
  -0.0011196094   -0.0002482406    0.0004284694
   0.0000051406   -0.0006302206    0.0009449994
  -0.0003300594    0.0010554094   -0.0007552806
  -0.0000013294    0.0007694994    0.0006990994
   0.0000011006   -0.0007671806   -0.0006961306
   0.0000027306   -0.0021015006    0.0014660494
  -0.0000351994    0.0020516494   -0.0015880206
  -0.0000098294    0.0021038194    0.0014469394
   0.0000069706   -0.0021096906   -0.0014556206
   0.0014875506    0.0002258094    0.0009287994
   0.0006580206   -0.0000620306    0.0000469494
   0.0006576206   -0.0000398306   -0.0000733806
  -0.0006578894    0.0000397294    0.0000729394
   0.0006583606    0.0000400294    0.0000728794
  -0.0006576394   -0.0000401406   -0.0000733806
  -0.0006516694   -0.0001271106   -0.0000590706
   0.0006317106    0.0000821694   -0.0000561306
